rerank = 200~700
m=16
thread_number = 4

[0.848953,0.856204,0.863254,0.868054,0.872654,0.876804,0.880804,0.885404,0.889354,0.892604,0.895904,0.899004,0.901904,0.904505,0.907104,0.909555,0.911755,0.913755,0.915505,0.917304,0.919004,0.920854,0.922204,0.923354,0.924554,0.925854,0.927204,0.928654,0.929704,0.930954,0.932004,0.932804,0.933954,0.935304,0.936354,0.936854,0.937804,0.938904,0.939654,0.940354,0.941204,0.941904,0.942104,0.942904,0.943404,0.943954,0.944654,0.945004,0.945454,0.946154]
[637.246,649.392,661.859,759.523,685.816,690.74,698.573,715.712,724.434,736.888,751.826,763.222,776.697,897.612,799.227,807.884,826.801,835.95,846.521,853.859,983.753,1003.05,1011.67,1047.7,1010.83,1025.46,1047.45,1046.51,1060.79,1056.13,981.467,980.849,1014.06,1070.4,1025.15,1019.55,1031.24,1030.18,1050.49,1061.33,945.574,937.271,962.423,1017.41,972.184,973.934,992.755,992.619,1015.31,1006.97]