thread_number = 8
rerank = 200~700，步长为10
m=16

[0.848953,0.856204,0.863254,0.868054,0.872654,0.876804,0.880804,0.885404,0.889354,0.892604,0.895904,0.899004,0.901904,0.904505,0.907104,0.909555,0.911755,0.913755,0.915505,0.917304,0.919004,0.920854,0.922204,0.923354,0.924554,0.925854,0.927204,0.928654,0.929704,0.930954,0.932004,0.932804,0.933954,0.935304,0.936354,0.936854,0.937804,0.938904,0.939654,0.940354,0.941204,0.941904,0.942104,0.942904,0.943404,0.943954,0.944654,0.945004,0.945454,0.946154]

[546.496,551.228,551.106,567.855,574.504,578.991,590.359,593.472,600.659,608.135,615.739,621.876,628.283,631.363,638.119,643.866,653.202,658.546,663.824,673.309,682.456,684.689,699.729,705.645,710.594,717.229,724.308,728.807,736.483,744.257,749.526,763.685,761.971,768.332,775.252,780.449,789.907,796.081,805.588,808.8,813.974,830.652,829.205,830.642,839.056,843.699,848.613,856.161,858.843,866.282]