thread_number = 8
rerank = 200~700，步长为10
m=8

[0.827503,0.833453,0.839204,0.843304,0.847453,0.851154,0.855454,0.858254,0.861604,0.864504,0.867054,0.869654,0.871804,0.873704,0.875604,0.877404,0.878654,0.880604,0.882104,0.883354,0.884804,0.886054,0.887054,0.887854,0.888804,0.889704,0.890604,0.891604,0.892154,0.893004,0.894004,0.895104,0.895454,0.896054,0.896604,0.897204,0.897754,0.898404,0.898704,0.899254,0.899554,0.899754,0.900154,0.900604,0.901054,0.901354,0.901704,0.901904,0.902254,0.902753]

[349.48,355.508,361.794,368.943,375.078,380.975,387.145,391.777,400.717,403.806,409.391,416.688,422.784,428.822,432.314,433.932,440.558,446.233,453.457,457.442,463.23,467.229,473.747,482.477,482.948,488.555,493.749,497.016,504.033,509.462,511.611,516.08,525.508,532.347,532.3,537.869,546.404,551.481,552.8,555.888,558.702,561.56,569.154,574.041,578.15,579.309,584.414,586.869,594.25,594.226]